65 622 330
121 161 375
946 37 465
800 397 668
45 973 462
669 528 386
994 366 493
83 537 460
669 298 531
225 764 632
736 373 505
631 47 924
49 81 227
449 179 243
632 230 894
449 329 865
95 468 874
958 88 642
198 650 414
71 622 804
436 953 358
931 663 418
907 141 163
88 222 38
465 948 89
761 760 986
612 123 581
909 570 528
810 499 853
542 452 401
405 153 792
276 930 488
525 144 390
587 711 350
610 851 574
264 444 515
529 144 218
360 122 575
441 789 647
212 396 464
74 247 627
407 954 733
217 398 29
39 579 737
592 754 781
449 98 767
969 538 575
336 837 616
986 658 753
167 646 756
552 952 227
738 825 620
432 891 897
473 363 611
372 470 742
801 262 499
138 683 501
775 986 828
282 228 898
385 944 157
690 18 120
598 564 837
551 143 949
963 446 459
611 408 879
885 717 914
607 64 417
413 523 269
105 227 741
219 473 667
860 552 795
34 446 274
710 745 954
792 747 249
134 587 802
772 27 730
876 101 7
279 797 757
776 965 851
953 850 334
434 958 351
195 696 145
969 175 310
338 741 829
281 683 541
199 931 638
456 435 820
547 899 666
322 199 822
714 19 328
367 569 514
125 342 76
461 382 83
28 317 116
500 27 409
371 549 216
609 831 904
108 154 732
231 764 631
632 42 782
793 456 977
819 214 893
977 203 560
161 832 723
728 790 590
838 746 172
428 979 908
751 310 88
875 425 406
835 567 522
56 326 140
543 402 612
864 251 889
252 305 574
344 149 914
492 461 587
838 714 76
556 930 441
682 912 382
123 803 525
281 355 323
466 939 780
78 107 316
435 190 692
371 593 703
363 473 82
936 701 945
468 384 636
525 218 371
697 380 481
940 943 563
480 4 264
995 127 318
373 507 85
605 492 681
843 479 692
456 586 133
221 681 147
325 76 59
129 115 384
100 31 824
723 600 356
991 493 28
290 586 395
521 584 612
117 709 850
240 502 237
196 239 700
738 43 667
779 401 622
990 303 485
142 137 312
635 618 662
264 995 451
992 235 480
978 749 299
577 223 967
479 526 927
502 909 876
549 749 428
643 998 54
667 177 973
874 660 728
452 155 44
411 6 757
990 379 720
695 36 793
7 543 875
916 853 597
385 589 397
636 164 739
185 309 898
585 17 460
73 942 124
688 224 663
118 13 154
437 27 122
888 800 773
817 30 22
886 916 799
234 751 953
73 554 597
739 867 972
622 362 899
817 505 635
335 279 383
285 758 459
21 297 564
614 988 153
232 991 707
701 352 447
187 394 498
24 367 967
4 365 479
167 631 86
864 976 402
266 45 715
666 526 250
143 660 229
664 96 745
366 663 840
497 468 45
769 603 613
481 367 406
721 565 420
757 296 1
545 43 480
739 988 485
758 308 20
713 438 294
469 76 790
261 887 58
939 644 300
635 34 575
263 889 521
88 419 765
815 447 627
907 555 307
197 190 204
132 508 879
38 5 401
42 496 343
35 162 810
426 950 140
310 218 970
106 194 553
185 129 61
264 436 769
738 723 301
82 569 810
781 451 277
759 221 183
859 500 66
702 295 599
131 986 310
790 582 1
526 393 177
853 474 886
815 204 476
778 597 550
907 468 613
198 143 762
993 639 631
813 304 494
540 369 210
451 697 581
929 630 474
440 25 183
476 776 609
630 606 187
229 392 340
921 732 48
325 885 584
647 312 551
813 432 386
876 235 143
38 461 140
942 638 324
346 979 187
338 979 516
149 459 231
697 480 256
132 624 242
30 278 741
480 407 992
267 112 308
295 274 569
836 641 985
280 83 304
893 717 386
581 118 72
381 71 530
401 116 398
778 826 717
868 416 626
548 82 627
284 401 540
496 715 521
703 735 969
777 938 932
551 273 742
810 863 180
193 467 496
374 171 329
66 522 688
183 988 990
437 147 697
752 67 149
379 991 155
736 881 629
977 178 215
135 436 330
883 319 651
669 623 495
568 167 127
794 431 160
113 816 876
140 437 355
639 611 374
759 225 169
246 652 736
701 539 540
584 789 61
49 975 550
453 566 808
962 60 856
88 417 583
956 274 753
579 915 331
46 398 886
49 417 746
379 69 751
925 260 823
781 247 603
927 102 414
659 659 715
79 353 120
660 743 746
156 353 353
506 70 744
71 214 754
788 46 553
323 773 624
927 672 886
472 291 3
563 252 326
955 452 655
447 471 253
69 727 19
898 805 355
338 497 307
694 18 364
39 300 25
892 561 393
425 118 176
835 155 4
95 689 767
79 962 573
730 897 541
535 369 628
76 99 212
605 311 490
623 96 261
510 183 367
198 480 932
593 607 590
787 231 605
467 0 581
29 21 849
588 473 706
133 625 644
535 365 900
944 435 224
749 382 992
395 561 736
774 983 485
589 383 9
729 110 344
663 225 381
847 292 206
789 792 161
185 195 985
660 502 428
853 597 416
413 562 80
75 367 217
67 52 419
868 560 128
295 203 306
800 153 582
481 4 816
46 328 852
492 876 83
330 631 404
204 50 818
798 792 205
767 152 938
776 228 564
828 607 17
726 404 876
116 533 324
877 13 551
680 990 203
112 321 819
736 577 692
630 672 775
584 930 605
196 386 682
91 771 561
671 369 952
438 719 16
720 905 906
403 748 614
752 787 773
442 693 343
802 951 538
983 879 775
841 411 935
869 273 640
414 376 98
243 211 622
425 689 956
884 504 295
245 204 261
552 76 502
384 916 776
495 112 88
954 230 216
656 430 120
417 478 810
917 287 924
971 950 114
952 762 174
700 780 444
500 652 283
525 355 241
441 41 836
105 534 859
514 549 250
778 690 689
217 112 513
495 232 922
142 337 803
722 36 842
138 920 165
358 78 93
936 793 716
916 446 839
303 93 135
295 565 894
382 876 900
75 200 301
243 427 326
798 373 936
240 392 767
464 280 683
454 347 565
740 124 922
149 282 359
291 798 254
310 522 536
495 69 653
503 26 279
358 137 43
167 721 814
464 221 46
161 72 5
550 548 816
565 266 601
915 301 960
11 196 234
316 756 336
122 746 384
50 680 775
242 97 879
909 469 540
163 302 965
761 522 473
65 125 71
375 912 347
654 329 824
309 833 268
821 49 663
724 874 263
50 686 807
417 303 202
954 546 204
463 547 182
595 717 514
508 365 592
115 497 57
783 844 397
436 876 267
304 179 2
970 248 217
758 227 25
597 327 940
399 440 838
237 535 71
328 459 860
208 827 824
485 857 922
291 509 882
906 282 144
579 213 684
753 476 654
943 566 412
834 295 779
6 569 475
329 965 81
739 362 436
835 136 360
906 756 597
861 506 780
398 756 553
473 230 445
818 800 659
58 231 563
807 701 332
41 246 891
218 218 161
893 738 590
454 809 37
14 741 563
313 426 883
798 578 272
48 563 946
807 658 35
488 484 389
637 965 127
417 181 847
147 445 588
771 451 123
980 82 489
87 914 635
741 511 116
621 262 916
692 831 857
338 15 444
727 731 787
717 388 635
636 707 823
485 614 626
534 918 807
872 72 125
71 47 352
98 214 561
591 976 45
77 872 258
766 287 397
658 721 432
880 949 96
854 816 174
451 827 898
545 866 852
512 448 632
547 242 999
938 142 794
77 753 233
417 515 280
785 339 255
862 645 814
624 336 61
233 944 356
728 332 304
402 14 662
310 684 491
552 930 159
633 784 838
832 904 492
906 903 191
62 754 702
791 620 4
44 923 967
564 832 980
346 359 111
639 634 25
794 42 137
581 79 673
252 970 34
576 307 526
614 968 165
479 292 731
167 898 180
22 633 43
428 631 89
840 435 261
297 629 910
704 456 553
845 212 321
80 773 767
850 997 246
851 909 107
693 162 830
696 167 479
689 547 935
28 474 936
68 622 934
226 578 682
397 612 818
589 556 225
506 0 939
276 722 843
829 181 799
488 228 697
268 262 70
967 669 60
367 32 157
583 953 433
850 338 549
76 732 528
495 340 989
87 886 557
255 270 824
700 532 670
251 93 566
530 714 63
713 580 219
276 598 994
67 320 428
617 505 989
315 588 779
774 894 799
332 676 518
822 372 495
577 294 963
950 872 471
971 462 288
42 894 374
874 987 770
148 621 933
24 504 111
279 55 535
680 348 795
409 785 969
739 512 785
950 200 598
568 656 281
59 565 666
173 773 809
166 982 863
720 720 510
473 705 646
51 979 793
510 613 319
347 264 378
425 939 848
521 228 276
563 727 791
316 433 840
266 841 784
690 464 276
256 82 704
459 670 48
474 783 523
245 797 760
125 923 33
668 593 425
553 11 748
816 628 402
30 279 743
12 686 715
28 361 20
272 461 493
534 579 265
574 696 145
419 268 822
690 603 685
537 173 380
307 73 36
191 648 391
70 596 35
546 10 369
665 18 344
530 802 923
830 771 445
119 431 318
451 317 100
239 511 105
651 259 906
310 550 624
184 641 830
980 642 841
82 978 616
515 699 143
568 998 34
639 969 501
5 913 818
187 228 332
601 951 5
731 752 187
787 159 595
562 91 538
259 14 121
659 754 279
628 955 123
581 564 831
248 885 35
529 335 756
162 633 101
733 22 181
545 145 424
121 718 838
936 568 70
568 177 210
355 127 14
429 19 998
514 602 154
677 649 647
175 922 276
427 686 664
317 223 638
129 232 526
224 675 34
205 963 0
73 898 493
996 721 433
739 570 281
530 992 457
617 527 246
866 239 507
8 588 343
57 223 17
891 381 911
985 117 640
397 223 159
640 277 79
529 806 18
254 8 519
139 123 282
800 224 691
709 21 948
930 434 41
967 329 520
750 524 292
295 689 581
97 348 884
292 375 843
179 541 748
350 582 441
228 697 227
63 656 128
14 968 928
911 520 96
496 313 529
336 49 375
63 619 332
638 356 159
100 964 915
809 731 288
524 519 508
428 407 811
880 310 740
691 184 529
593 972 947
600 609 184
662 574 18
542 998 82
574 708 589
461 270 465
71 802 759
544 677 770
225 441 533
675 542 603
195 972 145
983 796 639
228 540 766
793 361 735
310 292 492
390 955 814
138 361 744
549 771 28
167 269 331
713 19 966
248 72 217
371 907 818
977 693 288
686 751 957
777 405 251
814 322 272
26 463 416
303 485 932
923 914 201
883 389 930
510 532 86
762 868 799
893 537 264
154 143 381
912 20 76
571 491 19
38 626 650
223 417 294
236 570 816
237 434 623
729 911 546
773 536 360
833 644 559
171 567 445
696 660 374
352 793 694
342 663 110
207 754 472
920 394 565
248 783 227
591 818 402
209 88 363
699 37 454
257 213 245
365 46 530
257 268 521
548 254 179
868 796 150
879 268 413
173 393 717
926 614 789
933 57 228
174 935 616
817 915 250
981 589 471
238 704 41
664 837 75
753 247 850
81 908 122
691 702 146
806 363 58
542 683 247
780 160 60
209 36 768
896 513 727
258 910 41
970 168 34
247 271 936
785 885 672
520 115 792
653 36 286
45 463 407
281 926 249
252 293 723
513 279 828
816 894 563
656 91 720
694 28 21
572 710 937
43 702 227
24 423 840
645 160 382
266 671 888
334 574 733
771 221 776
423 993 387
528 606 229
875 5 691
465 917 444
669 953 711
476 290 925
535 408 744
23 425 718
603 550 36
900 720 467
529 234 252
456 218 215
166 136 292
757 916 696
32 470 198
340 207 708
234 119 556
617 123 484
732 691 601
254 850 48
348 176 602
521 971 224
194 433 551
313 440 444
846 569 304
710 840 240
900 608 254
381 993 128
997 675 463
745 705 653
87 135 523
11 871 31
288 227 781
838 413 191
599 298 373
473 43 33
786 454 26
70 983 794
132 43 817
124 150 313
203 322 162
16 979 767
683 508 378
193 668 345
194 717 591
376 54 104
689 665 362
397 69 596
854 404 378
608 220 346
603 660 697
404 600 105
310 17 630
875 203 56
889 35 48
480 35 244
400 719 270
989 663 496
198 69 816
640 905 301
464 294 906
680 650 180
642 382 682
13 305 453
290 799 752
945 322 822
161 677 822
292 771 111
156 567 186
711 164 575
448 649 299
748 138 801
120 265 643
917 993 309
677 282 257
974 96 747
899 255 724
390 987 597
407 963 147
483 26 210
19 556 435
441 321 336
836 252 904
477 8 265
889 92 538
654 819 502
508 56 252
710 861 187
839 849 220
21 103 319
210 727 374
900 78 268
14 714 281
908 994 521
953 602 749
769 132 93
388 392 681
272 751 325
798 107 580
1000 532 195
438 544 19
395 366 27
55 888 654
205 476 8
899 734 111
949 591 11
26 61 474
774 523 820
762 522 860
311 987 931
592 745 931
841 857 185
515 249 601
843 649 811
737 650 451
426 519 512
522 455 801
653 85 903
387 656 421
159 980 811
381 899 75
814 879 126
13 789 214
777 677 677
234 335 540
108 58 409
380 667 635
712 349 52
681 142 277
93 991 999
859 39 807
570 475 877
208 552 197
134 351 376
595 816 511
922 444 828
936 611 198
875 93 979
944 715 194
895 76 758
447 423 1
78 453 222
85 113 266
405 738 701
170 695 275
28 361 692
281 353 49
262 825 807
331 64 541
223 987 840
941 265 426
409 231 996
246 194 513
494 751 374
676 409 336
750 525 380
894 701 141
39 138 925
930 365 266
906 77 127
609 92 79
611 359 540
538 612 280
557 601 183
118 147 59
505 897 404
11 381 852
263 617 863
848 375 559
203 575 43
287 832 291
